42.2886 77.8802 25.4790 17.5874 64.7618 58.2249 40.4580 34.7713 82.1721 51.4423 85.0713 73.8640 55.2291
9.4229 42.3453 22.4040 72.1758 67.9017 954.0739 44.8373 14.9997 42.9921 88.4281 56.0560 58.5987 62.9883 49.0357 6.3405 85.4100 35.9635 7.1453 8.9892
26.6471 84.4392 15.2721 94.5174 26.4779 76.3505 26.2145 39.1183 15.4752 69.6667 66.6416 61.4713 87.3927 93.4405 44.6027
70.9282 11.9215 77.1980 75.4933 39.6792 40.6955 81.5397 62.5960 4.9533 20.8461 85.8939 17.7108 17.5669 1.3283 53.3772 63.8531 44.0085 67.5332 19.1745 23.6231 93.9829 93.2854
60.2170 24.2850 60.7304 47.9463 19.2028 968.7796 37.7396 78.9963 0.0522 89.0752 12.3084 41.7029 17.7602 89.8486 67.5391 9.3371 33.8098 31.9600 87.5372 38.6771 91.7424 45.0138 63.9317 13.8874 35.9228 21.6019 31.8524
91.5991 -26.9062 45.8725 54.4716 69.6266 73.6340 79.0407 53.4064 61.2566 76.9029 14.6515 94.7933 13.3931 98.8418 91.2132 45.6058 74.6313 65.4446 94.3623 0.1151 76.5500 66.1945 64.7311 9.3820 39.4707 94.9304 8.9951 98.9950 58.1446 18.9072 8.2071 3.0890 53.9982 10.4012 10.1669 1.0337 40.7619 63.7709 46.2449 18.8662
77.0286 54.3886 52.5404 68.3416 32.7565 11.1706 52.7680 92.8313 4.2652 10.5709 93.9142 70.6917 
24.0707 46.0916 9.1113 66.2010 52.2495 86.1140 44.2305 43.8645 67.8652 80.1348 1.6983 28.1867 16.6460 29.5534 28.7849 56.1861 29.7347 60.3468 96.8649 67.6122 77.0160 57.6209 41.6159 99.3705 48.4853 1.9578 83.3501 49.5177 22.7843 12.0860
25.6441 10.9697 74.1258 27.0270 86.1980 914.7608 57.4661 84.4856 53.5801 93.1201 2.5228 81.8204 13.4123 50.5428 78.1377 61.0959 6.7993 3.5763 64.4443 61.3461 6.3591 52.0052 19.7054 98.9872 5.4974 84.5178 20.9405 44.5183 72.8662 84.2207 10.0222
60.9857 19.6249 39.6799 45.2593 10.5920 52.5045 76.7330 22.4171 64.0117 22.7713 4.1820 58.3533 84.3213 48.9764 81.1603 97.9129 11.7493 77.1934 96.4423 5.9403 31.7480 
77.2722 21.7563 40.2388 55.8319 21.2163 39.8881 64.2061 38.7245 72.3173 2.9992 93.9661 51.1820 4.2660 9.9090 13.7547 61.9472 65.3812 55.1779 75.8099 69.6433
64.1941 65.5498 13.0151 70.3223 62.0672 42.9356 17.5010 25.5387 81.6140 42.1112 38.3869 80.2091 98.4349 99.6156 72.9513 77.2495 91.7494 41.3901 74.0032 48.4480 10.9755
0.7820 18.4434 38.1345 2.4434 66.5987 92.3676 81.4540 72.5775 2.1650 6.6946 67.6645 97.1259 26.9055 17.8982 61.8337 69.4743 73.4958 78.1932 18.7461 42.3109 21.2031
72.2923 91.3800 87.1111 65.3690 70.2702 916.3512 50.5637 73.4230 74.5847 68.3839 33.6699 45.4695 62.3716 51.0153 12.4774 83.7803 8.6235 23.7373 48.7604 53.1209 70.6715 35.0777 95.6936 15.3590 92.1097 63.5661 57.1026 81.3113 78.3736 66.2382 41.3427 23.6445 90.6364 73.0585 73.9072 36.6437 53.0872 76.8958 10.8818 55.7789 68.5536 93.5731 95.3457
7.7394 44.3964 95.7384 61.7279 88.5359 29.5507 12.5655 82.9643 10.1534 83.3152 3.1923 68.5028 40.5315 27.2939 12.6500 16.6204 53.0629
30.3661 50.3888 94.3732 40.6727 45.0394 57.4737 51.5367 99.6850 50.3840 36.0031 66.9043 14.3156 94.1919 14.0255 17.4892 70.5951 53.2426 18.8790 48.9594 12.2021 4.6192 
30.7746 72.8387 93.3726 89.9651 45.6425 995.0915 51.5458 81.9422 38.6390 21.7994 0.4580 45.1946 8.6815 59.8886 55.2310 17.9302 31.6420 35.3142 25.7846 72.0166 13.8725
58.2433 78.8113 64.6302 41.7047 67.3226 1.8613 13.4338 7.1037 42.7911 69.3753 59.9586 98.6968 68.0066 42.4858 48.2671 37.0865 40.3857 43.9037 97.2958 12.1658 7.0684 78.0296
66.8512 37.2313 98.7975 12.2815 43.8509 8.4247 6.4634 62.0055 78.4233 5.6343 27.1422 23.9291 49.5067 52.3780 85.6377 4.8739 50.1659 66.7120 9.4278 80.0372 13.3504 93.7135 86.4148
84.9085 45.4742 -71.6670 81.4682 30.1727 939.4535 34.6895 38.9931 43.5176 58.5609 40.6777 78.5070 43.6327 60.8635 24.1502 57.6056 36.1022 4.7401 98.4776 30.0819 37.2534 24.6687 28.3384
53.9905 81.8641 55.6695 45.9380 61.7390 8.2963 44.3846 39.3883 2.6107 90.9098 15.4159 64.5535 81.1151 73.5966 83.8970 98.0904 87.2553 88.2838 82.6579 34.2713 9.5373 88.6235 15.6495 5.0340
63.1141 19.0785 69.4803 83.4189 9.7698 17.1048 83.3364 0.1301 96.1559 85.3064 81.8714 34.7261 97.4802 68.6223 56.0713 89.6111 20.6776 59.8868 69.4805 56.1920 85.9320
1.5645 90.8052 93.8558 40.3629 18.9180 76.2414 44.2398 72.8262 9.2148 65.1350 89.3633 26.9092 59.7527 65.3851 14.8877 83.4369 39.5822 97.4222 89.7866 83.6270 86.3711 10.8017
9.0347 78.9029 6.1029 5.3863 78.1145 949.7949 30.4349 88.0338 73.4956 78.0446 16.1573 54.8133 41.8625 85.4926 23.4118 98.0455 83.2334 0.9759 5.7654 78.9730 25.5262 31.7833 58.4641 80.5063 19.5798 51.7846
82.7732 38.2646 80.2262 85.4852 90.1208 17.9231 54.0106 4.9213 43.3299 44.0943 62.4924 40.7731 82.4078 5.1436 89.2833 94.6230 59.4974 56.9358 69.9634 10.9862 19.0986 78.9644
82.6574 71.1657 80.8990 93.4979 71.2415 61.5325 9.2989 24.1084 63.3334 85.6896 95.0790 14.3908 52.3030 98.8277 62.2803 67.1437 34.1644 22.1266 81.0628 97.2651 67.6871 87.1477
41.3886 74.9160 99.5481 66.1765 42.9239 20.8470 53.6788 23.2240 90.9455 61.8100 60.9802 23.3653 32.5806 73.1407 71.9433 13.1115 23.6930 72.5688 25.5370 14.7656 30.9136